  3.5470000e+001
  3.5500000e+001
  3.6380000e+001
  3.5150000e+001
  3.5000000e+001
  3.5740000e+001
  3.5240000e+001
  3.5100000e+001
  3.5420000e+001
  3.4930000e+001
  3.5090000e+001
  3.4720000e+001
  3.3920000e+001
  3.3490000e+001
  3.3410000e+001
  3.2690000e+001
  3.1820000e+001
  3.2660000e+001
  3.3850000e+001
  3.3230000e+001
  3.4150000e+001
  3.4630000e+001
  3.4630000e+001
  3.4130000e+001
  3.3610000e+001
  3.3350000e+001
  3.3610000e+001
  3.3370000e+001
  3.2700000e+001
  3.3130000e+001
  3.3440000e+001
  3.3750000e+001
  3.3780000e+001
  3.3630000e+001
  3.4180000e+001
  3.4000000e+001
  3.4140000e+001
  3.3840000e+001
  3.3980000e+001
  3.4020000e+001
  3.4460000e+001
  3.4230000e+001
  3.4920000e+001
  3.4560000e+001
  3.4790000e+001
  3.4350000e+001
  3.4570000e+001
  3.4060000e+001
  3.4490000e+001
  3.4390000e+001
  3.5050000e+001
  3.5250000e+001
  3.5590000e+001
  3.5590000e+001
  3.6000000e+001
  3.5310000e+001
  3.5670000e+001
  3.5860000e+001
  3.5920000e+001
  3.6030000e+001
  3.4950000e+001
  3.5650000e+001
  3.5700000e+001
  3.5050000e+001
  3.5520000e+001
  3.5050000e+001
  3.4580000e+001
  3.4470000e+001
  3.4680000e+001
  3.4330000e+001
  3.4870000e+001
  3.5050000e+001
  3.4690000e+001
  3.5030000e+001
  3.4870000e+001
  3.5420000e+001
  3.5340000e+001
  3.5130000e+001
  3.4790000e+001
  3.5410000e+001
  3.4830000e+001
  3.5200000e+001
  3.5480000e+001
  3.6040000e+001
  3.5450000e+001
  3.5200000e+001
  3.5410000e+001
  3.5340000e+001
  3.5470000e+001
  3.5550000e+001
  3.5530000e+001
  3.5210000e+001
  3.5290000e+001
  3.5450000e+001
  3.5040000e+001
  3.5320000e+001
  3.5790000e+001
  3.5950000e+001
  3.5980000e+001
  3.6710000e+001
  3.6450000e+001
  3.5970000e+001
  3.6400000e+001
  3.6580000e+001
  3.6980000e+001
  3.7400000e+001
  3.7160000e+001
  3.7340000e+001
  3.7460000e+001
  3.7540000e+001
  3.8200000e+001
  3.8200000e+001
  3.7930000e+001
  3.8310000e+001
  3.7670000e+001
  3.7340000e+001
  3.6880000e+001
  3.6890000e+001
  3.6940000e+001
  3.6900000e+001
  3.6660000e+001
  3.6700000e+001
  3.6370000e+001
  3.5910000e+001
  3.6180000e+001
  3.6280000e+001
  3.6060000e+001
  3.6050000e+001
  3.5650000e+001
  3.5860000e+001
  3.5500000e+001
  3.5600000e+001
  3.5300000e+001
  3.5190000e+001
  3.4920000e+001
  3.5200000e+001
  3.5880000e+001
  3.5380000e+001
  3.5720000e+001
  3.5670000e+001
  3.5250000e+001
  3.5760000e+001
  3.5750000e+001
  3.5430000e+001
  3.5320000e+001
  3.5580000e+001
  3.5330000e+001
  3.5610000e+001
  3.5350000e+001
  3.5750000e+001
  3.6250000e+001
  3.6520000e+001
  3.6520000e+001
  3.6710000e+001
  3.6500000e+001
  3.6940000e+001
  3.6830000e+001
  3.6920000e+001
  3.6680000e+001
  3.6800000e+001
  3.7050000e+001
  3.6530000e+001
  3.6770000e+001
  3.6830000e+001
  3.7250000e+001
  3.7550000e+001
  3.7700000e+001
  3.7970000e+001
  3.8080000e+001
  3.8160000e+001
  3.7970000e+001
  3.8470000e+001
  3.8110000e+001
  3.8000000e+001
  3.8000000e+001
  3.7730000e+001
  3.7510000e+001
  3.7710000e+001
  3.6840000e+001
  3.7080000e+001
  3.6990000e+001
  3.6720000e+001
  3.7060000e+001
  3.6900000e+001
  3.7150000e+001
  3.6780000e+001
  3.7020000e+001
  3.6600000e+001
  3.7350000e+001
  3.7560000e+001
  3.7750000e+001
  3.8090000e+001
  3.8340000e+001
  3.8040000e+001
  3.7950000e+001
  3.8300000e+001
  3.8480000e+001
  3.8740000e+001
  3.8490000e+001
  3.8910000e+001
  3.8660000e+001
  3.8620000e+001
  3.8350000e+001
  3.7350000e+001
  3.7600000e+001
  3.7850000e+001
  3.7740000e+001
  3.8000000e+001
  3.7810000e+001
  3.6300000e+001
  3.6580000e+001
  3.6680000e+001
  3.6320000e+001
  3.6030000e+001
  3.5920000e+001
  3.5560000e+001
  3.5760000e+001
  3.6050000e+001
  3.6020000e+001
  3.6260000e+001
  3.6000000e+001
  3.5600000e+001
  3.5150000e+001
  3.5440000e+001
  3.5310000e+001
  3.5340000e+001
  3.5560000e+001
  3.5820000e+001
  3.6280000e+001
  3.6200000e+001
  3.6390000e+001
  3.6500000e+001
  3.6540000e+001
  3.7020000e+001
  3.6780000e+001
  3.7400000e+001
  3.7640000e+001
  3.7790000e+001
  3.7910000e+001
  3.8060000e+001
  3.7800000e+001
  3.8470000e+001
  3.8880000e+001
  3.9410000e+001
  3.9600000e+001
  3.9470000e+001
  3.9750000e+001
  3.9830000e+001
  4.0050000e+001
  4.0580000e+001
  4.0680000e+001
  4.1000000e+001
  4.0630000e+001
  4.1580000e+001
  4.1300000e+001
  4.1000000e+001
  4.0900000e+001
  4.0290000e+001
  4.0860000e+001
  4.0680000e+001
  4.0680000e+001
  4.0280000e+001
  4.0500000e+001
  4.0880000e+001
  4.1430000e+001
  4.1280000e+001
  4.1040000e+001
  4.1550000e+001
  4.1190000e+001
  4.0810000e+001
  4.1470000e+001
  4.0790000e+001
  4.0690000e+001
  4.0410000e+001
  4.0350000e+001
  4.0380000e+001
  4.0510000e+001
  4.0730000e+001
  4.1090000e+001
  4.1920000e+001
  4.1910000e+001
  4.1910000e+001
  4.2230000e+001
  4.1800000e+001
  4.1950000e+001
  4.2030000e+001
  4.2580000e+001
  4.2310000e+001
  4.2650000e+001
  4.2310000e+001
  4.2170000e+001
  4.2520000e+001
  4.2040000e+001
  4.1900000e+001
  4.1750000e+001
  4.2490000e+001
  4.2560000e+001
  4.2780000e+001
  4.2430000e+001
  4.1350000e+001
  4.2030000e+001
  4.1780000e+001
  4.2070000e+001
  4.2240000e+001
  4.2460000e+001
  4.1500000e+001
  4.0940000e+001
  4.0760000e+001
  4.0100000e+001
  4.0250000e+001
  4.0740000e+001
  4.1090000e+001
  4.1550000e+001
  4.1590000e+001
  4.1520000e+001
  4.1910000e+001
  4.2250000e+001
  4.2190000e+001
  4.1900000e+001
  4.2450000e+001
  4.3110000e+001
  4.2820000e+001
  4.3300000e+001
  4.3680000e+001
  4.3860000e+001
  4.3730000e+001
  4.3300000e+001
  4.2950000e+001
  4.3300000e+001
  4.2970000e+001
  4.3010000e+001
  4.3750000e+001
  4.3120000e+001
  4.2540000e+001
  4.2550000e+001
  4.3680000e+001
  4.3520000e+001
  4.3990000e+001
  4.3830000e+001
  4.3250000e+001
  4.2050000e+001
  4.2600000e+001
  4.3000000e+001
  4.2730000e+001
  4.3270000e+001
  4.3050000e+001
  4.2690000e+001
  4.2600000e+001
  4.2730000e+001
  4.2600000e+001
  4.2800000e+001
  4.3820000e+001
  4.3550000e+001
  4.3370000e+001
  4.3250000e+001
  4.3700000e+001
  4.3780000e+001
  4.3550000e+001
  4.3370000e+001
  4.4000000e+001
  4.3890000e+001
  4.3450000e+001
  4.3980000e+001
  4.3850000e+001
  4.4080000e+001
  4.4730000e+001
  4.4770000e+001
  4.4980000e+001
  4.4730000e+001
  4.4900000e+001
  4.5460000e+001
  4.5270000e+001
  4.4250000e+001
  4.4380000e+001
  4.4570000e+001
  4.4410000e+001
  4.4590000e+001
  4.4720000e+001
  4.5100000e+001
  4.5370000e+001
  4.5320000e+001
  4.5450000e+001
  4.5440000e+001
  4.5210000e+001
  4.5460000e+001
  4.5320000e+001
  4.5830000e+001
  4.5900000e+001
  4.5900000e+001
  4.5170000e+001
  4.5390000e+001
  4.5320000e+001
  4.5330000e+001
  4.5410000e+001
  4.5810000e+001
  4.6030000e+001
  4.6300000e+001
  4.6250000e+001
  4.6890000e+001
  4.6240000e+001
  4.5830000e+001
  4.5120000e+001
  4.5560000e+001
  4.5290000e+001
  4.5130000e+001
  4.4560000e+001
  4.4920000e+001
  4.5090000e+001
  4.4360000e+001
  4.4810000e+001
  4.5090000e+001
  4.5250000e+001
  4.4990000e+001
  4.4850000e+001
  4.5190000e+001
  4.5250000e+001
  4.5440000e+001
  4.5130000e+001
  4.6100000e+001
  4.6440000e+001
  4.6980000e+001
  4.7060000e+001
  4.7150000e+001
  4.7070000e+001
  4.7480000e+001
  4.7370000e+001
  4.7500000e+001
  4.7470000e+001
  4.7430000e+001
  4.7550000e+001
  4.8370000e+001
  4.8210000e+001
  4.9490000e+001
  4.8860000e+001
  4.7760000e+001
  4.7830000e+001
  4.7960000e+001
  4.8530000e+001
  4.8150000e+001
  4.8330000e+001
  4.8890000e+001
  4.8920000e+001
  4.9320000e+001
  5.0030000e+001
  4.9740000e+001
  4.9840000e+001
  4.9790000e+001
  4.9370000e+001
  4.8480000e+001
  4.8710000e+001
  4.9020000e+001
  4.8750000e+001
  4.8310000e+001
  4.8870000e+001
  4.8810000e+001
  4.8700000e+001
  4.8810000e+001
  4.9390000e+001
  4.8950000e+001
  4.8610000e+001
  4.9220000e+001
  4.8820000e+001
  4.8430000e+001
  4.9270000e+001
  5.0190000e+001
  5.0390000e+001
  5.0170000e+001
  4.9310000e+001
  4.9670000e+001
  4.9660000e+001
  5.0420000e+001
  4.9580000e+001
  4.9410000e+001
  5.0000000e+001
  5.0050000e+001
  5.0380000e+001
  5.0910000e+001
  5.1200000e+001
  5.1490000e+001
  5.1650000e+001
  5.1370000e+001
  5.1250000e+001
  5.1150000e+001
  5.0170000e+001
  5.0270000e+001
  5.0140000e+001
  4.9700000e+001
  5.0020000e+001
  5.0320000e+001
  5.0150000e+001
  5.0670000e+001
  5.0660000e+001
  5.0510000e+001
  5.0100000e+001
  4.9800000e+001
  5.1060000e+001
  5.1690000e+001
  5.1290000e+001
  5.1970000e+001
  5.0880000e+001
  5.1050000e+001
  5.1130000e+001
  5.1030000e+001
  5.1260000e+001
  5.0090000e+001
  4.9750000e+001
  4.9490000e+001
  5.0120000e+001
  4.9790000e+001
  4.9980000e+001
  4.9850000e+001
  5.0590000e+001
  5.0550000e+001
  5.1070000e+001
  5.1500000e+001
  5.1050000e+001
  5.0720000e+001
  5.0440000e+001
  5.1130000e+001
  5.1330000e+001
  5.1700000e+001
  5.1750000e+001
  5.1270000e+001
  5.1600000e+001
  5.3270000e+001
  5.3930000e+001
  5.4520000e+001
  5.5290000e+001
  5.5400000e+001
  5.5780000e+001
  5.5540000e+001
  5.6340000e+001
  5.6110000e+001
  5.6830000e+001
  5.6920000e+001
  5.8480000e+001
  5.8130000e+001
  5.9410000e+001
  5.8250000e+001
  5.9420000e+001
  6.1130000e+001
  6.3260000e+001
  6.3310000e+001
  6.2100000e+001
  6.2680000e+001
  6.3050000e+001
  6.3570000e+001
  6.3000000e+001
  6.3100000e+001
  6.0790000e+001
  6.0370000e+001
  6.1050000e+001
  6.1280000e+001
  6.0350000e+001
  6.0290000e+001
  6.1490000e+001
  6.2650000e+001
  6.2150000e+001
  6.0900000e+001
  6.0090000e+001
  5.9000000e+001
  5.8890000e+001
  5.8270000e+001
  5.9240000e+001
  5.9600000e+001
  6.0550000e+001
  6.0650000e+001
  6.0060000e+001
  6.0900000e+001
  6.0850000e+001
  6.0010000e+001
  6.0290000e+001
  6.0430000e+001
  5.9150000e+001
  5.8750000e+001
  5.6190000e+001
  5.7250000e+001
  5.8630000e+001
  5.7140000e+001
  5.9280000e+001
  5.9420000e+001
  5.9960000e+001
  5.9270000e+001
  5.8380000e+001
  5.6000000e+001
  5.7030000e+001
  5.7740000e+001
  5.6500000e+001
  5.7230000e+001
  5.7800000e+001
  5.7600000e+001
  5.8010000e+001
  5.7230000e+001
  5.7290000e+001
  5.4820000e+001
  5.3700000e+001
  5.3350000e+001
  5.3860000e+001
  5.3650000e+001
  5.4830000e+001
  5.4010000e+001
  5.4750000e+001
  5.5040000e+001
  5.5680000e+001
  5.6220000e+001
  5.6800000e+001
  5.6200000e+001
  5.7150000e+001
  5.7320000e+001
  5.7150000e+001
  5.7600000e+001
  5.7450000e+001
  5.6730000e+001
  5.8440000e+001
  5.8380000e+001
  5.8450000e+001
  5.8550000e+001
  5.9250000e+001
  6.0120000e+001
  6.0890000e+001
  6.0850000e+001
  5.9510000e+001
  5.9670000e+001
  5.9020000e+001
  5.8150000e+001
  5.9300000e+001
  5.9090000e+001
  5.8440000e+001
  5.7470000e+001
  5.8310000e+001
  6.0140000e+001
  5.9110000e+001
  5.9520000e+001
  5.9400000e+001
  5.9970000e+001
  5.9890000e+001
  5.9760000e+001
  5.8590000e+001
  5.8160000e+001
  5.8150000e+001
  5.8780000e+001
  5.9000000e+001
  5.7890000e+001
  5.9500000e+001
  5.9940000e+001
  5.9600000e+001
  5.9600000e+001
  6.0000000e+001
  5.8750000e+001
  5.9230000e+001
  5.9810000e+001
  5.9000000e+001
  5.8520000e+001
  5.8090000e+001
  5.8850000e+001
  5.9460000e+001
  5.9900000e+001
  6.0950000e+001
  6.1050000e+001
  6.0420000e+001
  5.9070000e+001
  5.8180000e+001
  5.8110000e+001
  5.8820000e+001
  5.9070000e+001
  5.9000000e+001
  5.8880000e+001
  5.9180000e+001
  5.8410000e+001
  5.8420000e+001
  5.8610000e+001
  5.9900000e+001
  6.1680000e+001
  6.0680000e+001
  6.1060000e+001
  6.1460000e+001
  6.1300000e+001
  6.3200000e+001
  6.2520000e+001
  6.1870000e+001
  6.2470000e+001
  6.2460000e+001
  6.3700000e+001
  6.4630000e+001
  6.4530000e+001
  6.4970000e+001
  6.4980000e+001
  6.3830000e+001
  6.4600000e+001
  6.4620000e+001
  6.4700000e+001
  6.4800000e+001
  6.3540000e+001
  6.2490000e+001
  6.0550000e+001
  5.8950000e+001
  5.8570000e+001
  5.9600000e+001
  5.8500000e+001
  5.9400000e+001
  5.8940000e+001
  5.8160000e+001
  5.8640000e+001
  5.8860000e+001
  5.6300000e+001
  5.7170000e+001
  5.5200000e+001
  5.5370000e+001
  5.6850000e+001
  5.7200000e+001
  5.6200000e+001
  5.5600000e+001
  5.6310000e+001
  5.6140000e+001
  5.6400000e+001
  5.7380000e+001
  5.8570000e+001
  5.7900000e+001
  5.7100000e+001
  5.7370000e+001
  5.7500000e+001
  5.6450000e+001
  5.6520000e+001
  5.6650000e+001
  5.6430000e+001
  5.7180000e+001
  5.7380000e+001
  5.8250000e+001
  5.9370000e+001
  5.9660000e+001
  5.9870000e+001
  6.0110000e+001
  5.8740000e+001
  5.8340000e+001
  5.8030000e+001
  5.9350000e+001
  5.9070000e+001
  5.9510000e+001
  5.9690000e+001
  5.9020000e+001
  5.9420000e+001
  5.8500000e+001
  5.8860000e+001
  5.9060000e+001
  5.9860000e+001
  5.9490000e+001
  5.8060000e+001
  5.7700000e+001
  5.7930000e+001
  5.7600000e+001
  5.7100000e+001
  5.7100000e+001
  5.5870000e+001
  5.6250000e+001
  5.6240000e+001
  5.6170000e+001
  5.8470000e+001
  5.8570000e+001
  5.8280000e+001
  5.9430000e+001
  5.9400000e+001
  5.9860000e+001
  6.0270000e+001
  5.9640000e+001
  6.0970000e+001
  6.1540000e+001
  6.0680000e+001
  6.1500000e+001
  6.0530000e+001
  6.1200000e+001
  6.0960000e+001
  6.0210000e+001
  5.9950000e+001
  6.1290000e+001
  6.3110000e+001
  6.2750000e+001
  6.1950000e+001
  6.1950000e+001
  6.1390000e+001
  6.1970000e+001
  6.0550000e+001
  6.0390000e+001
  5.9920000e+001
  5.9430000e+001
  5.9600000e+001
  5.9550000e+001
  5.9760000e+001
  6.0250000e+001
  6.0550000e+001
  6.0760000e+001
  6.0260000e+001
  5.9830000e+001
  6.0420000e+001
  5.9920000e+001
  5.9370000e+001
  6.0340000e+001
  6.0850000e+001
  6.0980000e+001
  5.9980000e+001
  5.9850000e+001
  5.9710000e+001
  5.8920000e+001
  5.9180000e+001
  5.9640000e+001
  6.0810000e+001
  6.1020000e+001
  6.1640000e+001
  6.1050000e+001
  6.0660000e+001
  6.0720000e+001
  6.1050000e+001
  6.1250000e+001
  6.1170000e+001
  6.1290000e+001
  6.0950000e+001
  6.1280000e+001
  6.1120000e+001
  6.0860000e+001
  6.1030000e+001
  6.1750000e+001
  6.2160000e+001
  6.2090000e+001
  6.1330000e+001
  6.1940000e+001
  6.2000000e+001
  6.1460000e+001
  6.1560000e+001
  6.2050000e+001
  6.3540000e+001
  6.4300000e+001
  6.3920000e+001
  6.5000000e+001
  6.4410000e+001
  6.3950000e+001
  6.3100000e+001
  6.2420000e+001
  6.3080000e+001
  6.3420000e+001
  6.4670000e+001
  6.3770000e+001
  6.3310000e+001
  6.4000000e+001
  6.3710000e+001
  6.3940000e+001
  6.3880000e+001
  6.3460000e+001
  6.2240000e+001
  6.2000000e+001
  6.1960000e+001
  6.0180000e+001
  5.9890000e+001
  6.0450000e+001
  6.0780000e+001
  6.0390000e+001
  6.0100000e+001
  6.1520000e+001
  6.1580000e+001
  6.0200000e+001
  6.0910000e+001
  6.1110000e+001
  6.1650000e+001
  6.0050000e+001
  6.0400000e+001
  5.8820000e+001
  5.9570000e+001
  5.8800000e+001
  5.8240000e+001
  5.6650000e+001
  5.7800000e+001
  5.9120000e+001
  5.8800000e+001
  5.7390000e+001
  5.7390000e+001
  5.8060000e+001
  5.7970000e+001
  5.8100000e+001
  5.8820000e+001
  5.9650000e+001
  6.1120000e+001
  6.2370000e+001
  6.1350000e+001
  6.2150000e+001
  6.2550000e+001
  6.3470000e+001
  6.2840000e+001
  6.3040000e+001
  6.3980000e+001
  6.3970000e+001
  6.4070000e+001
  6.4900000e+001
  6.4000000e+001
  6.4610000e+001
  6.4660000e+001
  6.4250000e+001
  6.3930000e+001
  6.5360000e+001
  6.5740000e+001
  6.6600000e+001
  6.6470000e+001
  6.7000000e+001
  6.7740000e+001
  6.8180000e+001
  6.8480000e+001
  6.8370000e+001
  6.8690000e+001
  6.9230000e+001
  6.9270000e+001
  6.9290000e+001
  6.9340000e+001
  6.9730000e+001
  6.9250000e+001
  6.8690000e+001
  6.7570000e+001
  6.8080000e+001
  6.9100000e+001
  6.9830000e+001
  7.0210000e+001
  6.9630000e+001
  7.0720000e+001
  7.0430000e+001
  7.0100000e+001
  6.9410000e+001
  6.8300000e+001
  6.7670000e+001
  6.8100000e+001
  6.8480000e+001
  6.7180000e+001
  6.7690000e+001
  6.6810000e+001
  6.4940000e+001
  6.4700000e+001
  6.5360000e+001
  6.4710000e+001
  6.4650000e+001
  6.6300000e+001
  6.5500000e+001
  6.4110000e+001
  6.4780000e+001
  6.4910000e+001
  6.5060000e+001
  6.6430000e+001
  6.7130000e+001
  6.7460000e+001
  6.7100000e+001
  6.7000000e+001
  6.5410000e+001
  6.6610000e+001
  6.7320000e+001
  6.7520000e+001
  6.6550000e+001
  6.7200000e+001
  6.6530000e+001
  6.7650000e+001
  6.8400000e+001
  6.9830000e+001
  6.9410000e+001
  6.9170000e+001
  6.9730000e+001
  6.9550000e+001
  6.9920000e+001
  6.9890000e+001
  7.1010000e+001
  7.1620000e+001
  7.1460000e+001
  7.0840000e+001
  7.1420000e+001
  7.1060000e+001
  7.1190000e+001
  7.2150000e+001
  7.2910000e+001
  7.2530000e+001
  7.4130000e+001
  7.4610000e+001
  7.4420000e+001
  7.4430000e+001
  7.4450000e+001
  7.4800000e+001
  7.2670000e+001
  7.3080000e+001
  7.2430000e+001
  7.3390000e+001
  7.2910000e+001
  7.2380000e+001
  7.2470000e+001
  7.4160000e+001
  7.6030000e+001
  7.6810000e+001
  7.7200000e+001
  7.7770000e+001
  7.8060000e+001
  7.6310000e+001
  7.5710000e+001
  7.5500000e+001
  7.5360000e+001
  7.6250000e+001
  7.7360000e+001
  7.8730000e+001
  7.7300000e+001
  7.5510000e+001
  7.6990000e+001
  7.6080000e+001
  7.5870000e+001
  7.5410000e+001
  7.6050000e+001
  7.6960000e+001
  7.7330000e+001
  7.6630000e+001
  7.4110000e+001
  7.2720000e+001
  7.3240000e+001
  7.2650000e+001
  7.2090000e+001
  7.0990000e+001
  7.0980000e+001
  7.2660000e+001
  7.1630000e+001
  7.2460000e+001
  7.1960000e+001
  7.3530000e+001
  7.2900000e+001
  7.4490000e+001
  7.4900000e+001
  7.3520000e+001
  7.3610000e+001
  7.3200000e+001
  7.4390000e+001
  7.4100000e+001
  7.5080000e+001
  7.5540000e+001
  7.5670000e+001
  7.5460000e+001
  7.4790000e+001
  7.5460000e+001
  7.5220000e+001
  7.4600000e+001
  7.5450000e+001
  7.5600000e+001
  7.5340000e+001
  7.5290000e+001
  7.4870000e+001
  7.4780000e+001
  7.5080000e+001
  7.5220000e+001
  7.5400000e+001
  7.1830000e+001
  7.1680000e+001
  7.0990000e+001
  7.0010000e+001
  6.9980000e+001
  7.1000000e+001
  7.1640000e+001
  7.1850000e+001
  7.1120000e+001
  7.0870000e+001
  6.9910000e+001
  7.1020000e+001
  7.0690000e+001
  6.9860000e+001
  7.1100000e+001
  7.2000000e+001
  7.3230000e+001
  7.4360000e+001
  7.5020000e+001
  7.5470000e+001
  7.5710000e+001
  7.5560000e+001
  7.6240000e+001
  7.5450000e+001
  7.6160000e+001
  7.6800000e+001
  7.7110000e+001
  7.7220000e+001
  7.6800000e+001
  7.7570000e+001
  7.6770000e+001
  7.7390000e+001
  7.7410000e+001
  7.8170000e+001
  7.8400000e+001
  7.8200000e+001
  7.7460000e+001
  7.9760000e+001
  7.9200000e+001
  7.8600000e+001
  7.9920000e+001
  8.0550000e+001
  8.0360000e+001
  7.9380000e+001
  7.9660000e+001
  7.9820000e+001
  8.0680000e+001
  8.0550000e+001
  8.0830000e+001
  8.1380000e+001
  8.1420000e+001
  7.9390000e+001
  8.1230000e+001
  8.1250000e+001
  8.1130000e+001
  8.1450000e+001
  8.1800000e+001
  8.3260000e+001
  8.3590000e+001
  8.2770000e+001
  8.2990000e+001
  8.2280000e+001
  8.3510000e+001
  8.2620000e+001
  8.4000000e+001
  8.3170000e+001
  8.4220000e+001
  8.4220000e+001
  8.4260000e+001
  8.3620000e+001
  8.1960000e+001
  8.2680000e+001
  8.3060000e+001
  8.2000000e+001
  8.3350000e+001
  8.4770000e+001
  8.5940000e+001
  8.6360000e+001
  8.5840000e+001
  8.2820000e+001
  8.4300000e+001
  8.2520000e+001
  8.2370000e+001
  8.1820000e+001
  8.3480000e+001
  8.3600000e+001
  8.3880000e+001
  8.4820000e+001
  8.5360000e+001
  8.5160000e+001
  8.6460000e+001
  8.7440000e+001
  8.6500000e+001
  8.7290000e+001
  8.9620000e+001
  9.0330000e+001
  8.9700000e+001
  8.9090000e+001
  9.1150000e+001
  9.2290000e+001
  9.1940000e+001
  9.3440000e+001
  9.0840000e+001
  9.2790000e+001
  8.8230000e+001
  8.5590000e+001
  8.6010000e+001
  8.5130000e+001
  8.5840000e+001
  8.5180000e+001
  8.2080000e+001
  8.3540000e+001
  8.5700000e+001
  8.7900000e+001
  8.3600000e+001
  8.4510000e+001
  8.2920000e+001
  8.3130000e+001
  8.1690000e+001
  8.0670000e+001
  8.4140000e+001
  8.4530000e+001
  8.3150000e+001
  8.3580000e+001
  8.3750000e+001
  8.5690000e+001
  8.5120000e+001
  8.3000000e+001
  8.5230000e+001
  8.5400000e+001
  8.5730000e+001
  8.7230000e+001
  8.7220000e+001
  8.7490000e+001
  8.5750000e+001
  8.4860000e+001
  8.6940000e+001
  8.7650000e+001
  8.8620000e+001
  8.8670000e+001
  8.9260000e+001
  9.1760000e+001
  9.2120000e+001
  9.2090000e+001
  9.2310000e+001
  9.1730000e+001
  9.1960000e+001
  9.2370000e+001
  9.2970000e+001
  9.2560000e+001
  9.3950000e+001
  9.2240000e+001
  9.1330000e+001
  9.0920000e+001
  9.1360000e+001
  9.0680000e+001
  9.2670000e+001
  9.3130000e+001
  9.2660000e+001
  9.3480000e+001
  9.4820000e+001
  9.4740000e+001
  9.4800000e+001
  9.5050000e+001
  9.2140000e+001
  9.0910000e+001
  9.1350000e+001
  9.2130000e+001
  9.1570000e+001
  9.2210000e+001
  9.3610000e+001
  9.1140000e+001
  9.1990000e+001
  8.8500000e+001
  8.7930000e+001
  8.7660000e+001
  9.0380000e+001
  8.7200000e+001
  8.9420000e+001
  8.6850000e+001
  8.4540000e+001
  8.6880000e+001
  8.6310000e+001
  8.4490000e+001
  8.5100000e+001
  8.4110000e+001
  8.7820000e+001
  8.7040000e+001
  8.8290000e+001
  8.5680000e+001
  8.6380000e+001
  8.7920000e+001
  8.8590000e+001
  8.9160000e+001
  8.8850000e+001
  8.8120000e+001
  8.9920000e+001
  9.1440000e+001
  9.1500000e+001
  9.2030000e+001
  9.0280000e+001
  9.1920000e+001
  9.2720000e+001
  9.1180000e+001
  8.9890000e+001
  9.1420000e+001
  9.1430000e+001
  9.2130000e+001
  9.3430000e+001
  9.3660000e+001
  9.4810000e+001
  9.3670000e+001
  9.5000000e+001
  9.3690000e+001
  9.3510000e+001
  9.3830000e+001
  9.2080000e+001
  9.1220000e+001
  9.0050000e+001
  9.1560000e+001
  9.1660000e+001
  9.0300000e+001
  9.0830000e+001
  8.9020000e+001
  8.6530000e+001
  8.3910000e+001
  8.5080000e+001
  8.2450000e+001
  8.3450000e+001
  8.6000000e+001
  8.3940000e+001
  8.5130000e+001
  8.5080000e+001
  8.5280000e+001
  8.5700000e+001
  8.5950000e+001
  8.5440000e+001
  8.2110000e+001
  8.1440000e+001
  8.1890000e+001
  8.1710000e+001
  8.3220000e+001
  8.4380000e+001
  8.5490000e+001
  8.5550000e+001
  8.5370000e+001
  8.7010000e+001
  8.8100000e+001
  8.6920000e+001
  8.7170000e+001
  8.9130000e+001
  8.9890000e+001
  8.9390000e+001
  8.9380000e+001
  8.7010000e+001
  8.7750000e+001
  8.6690000e+001
  8.7190000e+001
  8.4510000e+001
  8.2490000e+001
  8.2460000e+001
  8.6680000e+001
  8.5970000e+001
  8.7050000e+001
  8.5910000e+001
  8.5790000e+001
  8.8470000e+001
  8.4430000e+001
  8.5000000e+001
  8.5950000e+001
  8.5200000e+001
  8.6260000e+001
  8.6200000e+001
  8.5220000e+001
  8.4580000e+001
  8.7020000e+001
  8.8520000e+001
  8.8230000e+001
  8.8740000e+001
  8.8920000e+001
  8.9610000e+001
  8.9700000e+001
  8.9550000e+001
  8.8620000e+001
  8.9700000e+001
  9.0800000e+001
  9.2890000e+001
  9.3380000e+001
  9.4000000e+001
  9.4260000e+001
  9.4390000e+001
  9.4220000e+001
  9.2600000e+001
  9.2460000e+001
  9.2450000e+001
  9.1790000e+001
  9.3070000e+001
  8.9700000e+001
  8.9610000e+001
  8.9510000e+001
  9.0070000e+001
  8.8820000e+001
  8.9930000e+001
  8.8820000e+001
  8.9190000e+001
  8.9680000e+001
  8.9910000e+001
  9.1300000e+001
  9.2670000e+001
  9.4360000e+001
  9.4560000e+001
  9.3670000e+001
  9.2510000e+001
  9.0700000e+001
  8.9800000e+001
  9.0430000e+001
  8.9350000e+001
  8.8760000e+001
  8.7810000e+001
  8.5710000e+001
  8.5750000e+001
  8.9310000e+001
  8.6790000e+001
  8.9070000e+001
  8.7890000e+001
  8.8610000e+001
  8.7060000e+001
  8.8360000e+001
  8.7990000e+001
  8.8620000e+001
  8.7830000e+001
  8.5790000e+001
  8.4910000e+001
  8.7700000e+001
  8.6920000e+001
  8.7600000e+001
  8.6410000e+001
  8.6550000e+001
  8.8130000e+001
  8.8350000e+001
  8.7410000e+001
  8.8270000e+001
  8.6950000e+001
  8.5940000e+001
  8.4310000e+001
  8.6060000e+001
  8.5480000e+001
  8.5420000e+001
  8.2190000e+001
  8.0810000e+001
  8.0330000e+001
  8.1540000e+001
  8.2980000e+001
  8.2860000e+001
  8.0990000e+001
  8.0800000e+001
  8.1700000e+001
  8.0680000e+001
  8.0900000e+001
  8.4380000e+001
  8.0430000e+001
  7.9720000e+001
  7.6600000e+001
  7.8350000e+001
  7.8330000e+001
  7.7440000e+001
  7.8720000e+001
  7.8160000e+001
  7.6880000e+001
  7.8170000e+001
  7.7450000e+001
  7.7070000e+001
  7.6530000e+001
  7.7950000e+001
  7.8810000e+001
  8.0350000e+001
  8.0300000e+001
  7.8710000e+001
  7.9950000e+001
  8.0470000e+001
  8.1180000e+001
  8.0010000e+001
  7.7320000e+001
  7.8020000e+001
  7.6140000e+001
  7.5620000e+001
  7.6770000e+001
  7.3260000e+001
  7.5250000e+001
  7.5560000e+001
  7.7500000e+001
  7.3250000e+001
  7.6430000e+001
  7.5280000e+001
  7.7750000e+001
  7.9610000e+001
  7.8880000e+001
  7.7690000e+001
  7.8030000e+001
  8.0670000e+001
  8.0650000e+001
  7.4060000e+001
  7.7660000e+001
  7.8580000e+001
  7.7500000e+001
  7.7940000e+001
  7.7320000e+001
  7.6070000e+001
  7.7000000e+001
  6.8000000e+001
  6.2360000e+001
  7.3080000e+001
  7.2460000e+001
  6.2350000e+001
  6.9450000e+001
  6.8040000e+001
  7.4990000e+001
  7.1500000e+001
  6.4570000e+001
  7.0390000e+001
  6.9040000e+001
  6.6090000e+001
  7.4860000e+001
  7.4650000e+001
  7.5050000e+001
  7.4120000e+001
  7.4290000e+001
  7.7490000e+001
  7.3690000e+001
  6.9960000e+001
  7.3950000e+001
  7.4020000e+001
  7.2650000e+001
  6.8930000e+001
  7.5410000e+001
  7.3680000e+001
  7.3380000e+001
  7.6330000e+001
  7.3420000e+001
  6.8510000e+001
  7.5810000e+001
  7.8800000e+001
  7.8110000e+001
  8.0890000e+001
  8.0150000e+001
  7.4310000e+001
  7.7610000e+001
  7.8930000e+001
  7.6270000e+001
  7.6600000e+001
  7.9600000e+001
  7.8200000e+001
  8.0070000e+001
  8.0020000e+001
  8.0450000e+001
  7.9950000e+001
  8.3140000e+001
  8.1060000e+001
  7.7000000e+001
  7.5020000e+001
  7.4910000e+001
  7.5100000e+001
  7.5780000e+001
  7.7190000e+001
  7.8020000e+001
  7.8590000e+001
  7.9830000e+001
  8.1640000e+001
  8.1630000e+001
  8.0300000e+001
  7.8250000e+001
  7.9090000e+001
  7.7570000e+001
  7.6540000e+001
  7.7920000e+001
  7.5100000e+001
  7.6660000e+001
  7.8100000e+001
  7.6290000e+001
  7.9260000e+001
  7.8230000e+001
  7.8040000e+001
  7.8600000e+001
  7.8920000e+001
  7.9250000e+001
  7.7000000e+001
  7.6480000e+001
  7.6690000e+001
  7.8120000e+001
  7.7660000e+001
  7.9780000e+001
  8.0340000e+001
  7.9480000e+001
  7.6140000e+001
  7.4580000e+001
  7.5220000e+001
  7.4590000e+001
  7.1280000e+001
  7.1940000e+001
  7.2160000e+001
  7.1230000e+001
  6.9300000e+001
  7.2090000e+001
  7.2050000e+001
  7.0950000e+001
  6.7900000e+001
  6.4910000e+001
  6.4360000e+001
  6.5680000e+001
  6.2220000e+001
  6.4030000e+001
  6.4570000e+001
  6.7390000e+001
  6.5770000e+001
  6.7150000e+001
  6.7200000e+001
  6.6970000e+001
  6.9090000e+001
  6.9170000e+001
  6.8330000e+001
  6.6090000e+001
  7.0530000e+001
  6.9380000e+001
  7.0160000e+001
  7.1230000e+001
  6.9980000e+001
  6.8630000e+001
  6.8100000e+001
  6.9230000e+001
  7.0250000e+001
  7.0440000e+001
  7.0050000e+001
  6.8710000e+001
  6.8960000e+001
  6.9840000e+001
  6.8020000e+001
  6.7700000e+001
  6.8140000e+001
  6.7410000e+001
  6.6750000e+001
  6.5290000e+001
  6.6230000e+001
  6.4750000e+001
  6.5710000e+001
  6.6570000e+001
  6.6130000e+001
  6.7080000e+001
  6.8440000e+001
  6.6670000e+001
  6.8010000e+001
  6.8200000e+001
  6.7650000e+001
  6.8580000e+001
  6.8930000e+001
  7.0800000e+001
  6.9270000e+001
  7.0820000e+001
  6.9770000e+001
  6.9760000e+001
  6.9110000e+001
  7.0500000e+001
  7.0520000e+001
  6.9610000e+001
  6.8390000e+001
  6.8830000e+001
  6.9810000e+001
  6.8300000e+001
  6.9230000e+001
  6.9350000e+001
  7.1760000e+001
  7.2920000e+001
  7.2080000e+001
  7.2980000e+001
  7.2970000e+001
  7.3170000e+001
  7.3120000e+001
  7.3840000e+001
  7.4050000e+001
  7.3780000e+001
  7.2810000e+001
  7.1630000e+001
  7.1420000e+001
  7.1440000e+001
  7.1050000e+001
  6.8840000e+001
  6.8950000e+001
  6.8450000e+001
  6.9880000e+001
  6.9050000e+001
  7.0580000e+001
  6.9910000e+001
  7.0560000e+001
  6.8490000e+001
  6.8100000e+001
  6.6560000e+001
  6.6260000e+001
  6.5970000e+001
  6.5120000e+001
  6.5700000e+001
  6.6220000e+001
  6.8440000e+001
  6.8460000e+001
  6.8520000e+001
  6.8940000e+001
  7.0470000e+001
  6.9990000e+001
  7.1610000e+001
  7.2290000e+001
  7.2750000e+001
  7.1890000e+001
  7.1430000e+001
  7.0720000e+001
  7.0390000e+001
  7.0650000e+001
  7.0600000e+001
  7.0030000e+001
  6.9730000e+001
  6.9470000e+001
  6.9180000e+001
  6.8130000e+001
  6.9110000e+001
  6.8750000e+001
  6.8210000e+001
  6.6550000e+001
  6.6490000e+001
  6.8000000e+001
  6.8590000e+001
  6.9920000e+001
  7.1300000e+001
  7.0680000e+001
  7.1370000e+001
  7.0860000e+001
  7.0120000e+001
  6.9150000e+001
  6.8410000e+001
  6.8180000e+001
  6.8260000e+001
  6.9180000e+001
  7.0650000e+001
  7.0500000e+001
  7.0650000e+001
  6.9980000e+001
  7.0000000e+001
  6.9490000e+001
  7.0340000e+001
  6.9840000e+001
  6.9990000e+001
  6.9570000e+001
  6.9830000e+001
  6.9000000e+001
  6.8930000e+001
  6.8700000e+001
  6.9590000e+001
  6.9070000e+001
  6.8610000e+001
  6.7270000e+001
  6.6580000e+001
  6.7580000e+001
  6.8660000e+001
  6.8670000e+001
  6.9050000e+001
  6.9270000e+001
  7.0130000e+001
  7.0260000e+001
  7.1840000e+001
  7.2940000e+001
  7.3120000e+001
  7.3620000e+001
  7.3020000e+001
  7.3310000e+001
  7.4440000e+001
  7.3570000e+001
  7.3230000e+001
  7.4910000e+001
  7.3840000e+001
  7.3960000e+001
  7.1670000e+001
  7.2150000e+001
  7.1740000e+001
  7.1300000e+001
  7.2500000e+001
  7.2580000e+001
  7.2850000e+001
  7.2610000e+001
  7.2910000e+001
  7.1900000e+001
  7.2470000e+001
  7.4430000e+001
  7.5030000e+001
  7.5270000e+001
  7.4650000e+001
  7.4380000e+001
  7.5700000e+001
  7.5970000e+001
  7.6470000e+001
  7.4870000e+001
  7.5070000e+001
  7.6040000e+001
  7.5790000e+001
  7.4990000e+001
  7.4250000e+001
  7.3770000e+001
  7.2950000e+001
  7.2790000e+001
  7.2400000e+001
  7.2830000e+001
  6.9690000e+001
  6.9170000e+001
  6.8430000e+001
  6.8220000e+001
  6.8210000e+001
  6.8510000e+001
  6.8570000e+001
  6.8260000e+001
  6.8660000e+001
  6.9080000e+001
  6.8840000e+001
  6.8770000e+001
  6.8190000e+001
  6.9150000e+001
  6.9420000e+001
  7.0020000e+001
  6.9800000e+001
  6.9520000e+001
  7.0300000e+001
  6.9950000e+001
  6.9670000e+001
  6.9680000e+001
  6.9110000e+001
  6.9270000e+001
  6.8030000e+001
  6.6700000e+001
  6.6100000e+001
  6.5850000e+001
  6.5920000e+001
  6.5540000e+001
  6.4960000e+001
  6.4430000e+001
  6.6180000e+001
  6.6960000e+001
  6.6600000e+001
  6.4720000e+001
  6.4800000e+001
  6.4350000e+001
  6.5200000e+001
  6.4850000e+001
  6.5240000e+001
  6.4800000e+001
  6.6280000e+001
  6.5760000e+001
  6.5960000e+001
  6.5870000e+001
  6.5400000e+001
  6.4940000e+001
  6.5550000e+001
  6.5140000e+001
  6.5000000e+001
  6.5400000e+001
  6.5490000e+001
  6.5430000e+001
  6.5400000e+001
  6.6470000e+001
  6.6480000e+001
  6.6780000e+001
  6.7220000e+001
  6.7220000e+001
  6.6800000e+001
  6.6300000e+001
  6.6570000e+001
  6.7360000e+001
  6.7390000e+001
  6.7040000e+001
  6.6970000e+001
  6.6950000e+001
  6.6500000e+001
  6.6300000e+001
  6.6540000e+001
  6.7300000e+001
  6.7050000e+001
  6.6980000e+001
  6.7610000e+001
  6.8190000e+001
  6.7900000e+001
  6.7340000e+001
  6.7860000e+001
  6.8760000e+001
  6.8710000e+001
  6.8660000e+001
  6.8610000e+001
  6.8260000e+001
  6.7930000e+001
  6.8230000e+001
  6.8970000e+001
  6.8920000e+001
  6.8560000e+001
  6.9240000e+001
  6.9290000e+001
  6.8270000e+001
  6.9190000e+001
  6.8660000e+001
  6.7770000e+001
  6.7840000e+001
  6.6470000e+001
  6.6170000e+001
  6.3890000e+001
  6.3700000e+001
  6.5230000e+001
  6.4460000e+001
  6.4910000e+001
  6.4740000e+001
  6.3600000e+001
  6.3270000e+001
  6.2790000e+001
  6.2450000e+001
  6.0330000e+001
  6.0880000e+001
  6.0190000e+001
  5.9710000e+001
  5.9310000e+001
  6.1460000e+001
  6.0460000e+001
  5.9250000e+001
  6.0770000e+001
  6.1560000e+001
  5.9530000e+001
  5.9300000e+001
  6.1240000e+001
  6.0030000e+001
  6.1890000e+001
  6.1860000e+001
  6.1370000e+001
  6.2510000e+001
  6.2510000e+001
  6.2600000e+001
  6.3100000e+001
  6.3130000e+001
  6.1940000e+001
  6.1100000e+001
  6.0070000e+001
  5.9100000e+001
  5.8470000e+001
  5.7290000e+001
  5.7070000e+001
  5.6610000e+001
  5.6570000e+001
  5.7460000e+001
  5.8430000e+001
  5.8810000e+001
  5.8780000e+001
  5.8940000e+001
  5.9420000e+001
  5.9260000e+001
  5.9270000e+001
  5.7960000e+001
  5.8430000e+001
  5.8950000e+001
  5.8170000e+001
  5.9380000e+001
  5.9720000e+001
  6.0390000e+001
  6.0810000e+001
  6.0910000e+001
  6.0340000e+001
  5.9680000e+001
  6.1940000e+001
  6.2720000e+001
  6.2720000e+001
  6.2710000e+001
  6.1970000e+001
  6.2450000e+001
  6.1930000e+001
  6.0390000e+001
  6.0230000e+001
  5.9910000e+001
  5.9880000e+001
  6.0820000e+001
  6.0150000e+001
  5.9290000e+001
  5.8890000e+001
  5.9500000e+001
  5.8940000e+001
  5.8910000e+001
  5.8480000e+001
  5.9800000e+001
  5.9000000e+001
  5.9110000e+001
  6.0910000e+001
  6.1060000e+001
  6.1320000e+001
  6.0550000e+001
  6.0750000e+001
  6.1050000e+001
  6.1200000e+001
  6.1000000e+001
  6.1010000e+001
  6.1000000e+001
  6.0970000e+001
  6.0780000e+001
  6.1550000e+001
  6.1540000e+001
  6.1450000e+001
  6.1150000e+001
  6.1750000e+001
  6.1710000e+001
  6.2060000e+001
  6.1590000e+001
  6.1790000e+001
  6.2540000e+001
  6.2190000e+001
  6.3260000e+001
  6.3940000e+001
  6.3850000e+001
  6.4380000e+001
  6.4550000e+001
  6.4700000e+001
  6.5040000e+001
  6.5300000e+001
  6.5190000e+001
  6.6280000e+001
  6.5120000e+001
  6.6010000e+001
  6.6320000e+001
  6.6340000e+001
  6.6200000e+001
  6.6530000e+001
  6.5670000e+001
  6.6220000e+001
  6.6490000e+001
  6.6950000e+001
  6.7840000e+001
  6.7970000e+001
  6.9380000e+001
  7.0000000e+001
  7.0320000e+001
  7.0630000e+001
  7.1130000e+001
  7.1830000e+001
  7.0990000e+001
  7.0480000e+001
  6.8940000e+001
  6.9010000e+001
  7.0310000e+001
  7.0540000e+001
  7.0190000e+001
  6.8980000e+001
  6.9880000e+001
  6.9230000e+001
  6.9450000e+001
  6.9560000e+001
  7.1330000e+001
  7.1480000e+001
  7.1190000e+001
  7.1310000e+001
  7.1460000e+001
  7.1850000e+001
  7.2000000e+001
  7.2180000e+001
  7.2360000e+001
  7.2180000e+001
  7.1850000e+001
  7.2220000e+001
  7.2170000e+001
  7.2220000e+001
  7.2720000e+001
  7.2800000e+001
  7.3200000e+001
  7.3010000e+001
  7.3420000e+001
  7.3370000e+001
  7.3360000e+001
  7.3120000e+001
  7.4550000e+001
  7.4900000e+001
  7.4700000e+001
  7.5180000e+001
  7.5590000e+001
  7.5130000e+001
  7.5690000e+001
  7.6580000e+001
  7.6710000e+001
  7.7840000e+001
  7.8710000e+001
  7.8240000e+001
  7.7750000e+001
  7.8980000e+001
  7.8590000e+001
  7.8680000e+001
  7.9660000e+001
  7.9880000e+001
  7.8990000e+001
  8.0680000e+001
  8.3910000e+001
  8.3410000e+001
  8.3440000e+001
  8.3280000e+001
  8.3930000e+001
  8.2980000e+001
  8.2550000e+001
  8.3200000e+001
  8.2820000e+001
  8.4910000e+001
  8.2970000e+001
  8.3690000e+001
  8.3880000e+001
  8.4500000e+001
  8.5440000e+001
  8.7070000e+001
  8.5970000e+001
  8.5340000e+001
  8.5530000e+001
  8.4800000e+001
  8.5080000e+001
  8.5820000e+001
  8.5080000e+001
  8.4720000e+001
  8.4600000e+001
  8.4380000e+001
  8.1380000e+001
  8.2120000e+001
  8.2380000e+001
  8.1390000e+001
  7.9310000e+001
  8.1160000e+001
  8.0850000e+001
  8.2840000e+001
  8.2560000e+001
  8.2600000e+001
  8.2730000e+001
  8.3620000e+001
  8.3470000e+001
  8.3250000e+001
  8.4490000e+001
  8.4130000e+001
  8.4680000e+001
  8.4870000e+001
  8.5420000e+001
  8.5180000e+001
  8.5760000e+001
  8.5950000e+001
  8.5160000e+001
  8.3180000e+001
  8.3160000e+001
  8.3440000e+001
  8.4290000e+001
  8.3100000e+001
  8.3800000e+001
  8.5650000e+001
  8.6360000e+001
  8.6220000e+001
  8.7420000e+001
  8.7780000e+001
  8.7340000e+001
  8.7980000e+001
