  3.2908000e+002
  3.3189000e+002
  3.3994000e+002
  3.3080000e+002
  3.6123000e+002
  3.5802000e+002
  3.5615000e+002
  3.2256000e+002
  3.0605000e+002
  3.0400000e+002
  3.2222000e+002
  3.3022000e+002
  3.4393000e+002
  3.6707000e+002
  3.7522000e+002
  3.7535000e+002
  3.8983000e+002
  3.7116000e+002
  3.8781000e+002
  3.9543000e+002
  3.8786000e+002
  3.9246000e+002
  3.7522000e+002
  4.1709000e+002
  4.0879000e+002
  4.1270000e+002
  4.0369000e+002
  4.1495000e+002
  4.1535000e+002
  4.0814000e+002
  4.2421000e+002
  4.1403000e+002
  4.1780000e+002
  4.1868000e+002
  4.3135000e+002
  4.3571000e+002
  4.3878000e+002
  4.4338000e+002
  4.5167000e+002
  4.4019000e+002
  4.5019000e+002
  4.5053000e+002
  4.4813000e+002
  4.6356000e+002
  4.5893000e+002
  4.6783000e+002
  4.6179000e+002
  4.6645000e+002
  4.8161000e+002
  4.6714000e+002
  4.4577000e+002
  4.5091000e+002
  4.5650000e+002
  4.4427000e+002
  4.5826000e+002
  4.7549000e+002
  4.6269000e+002
  4.7235000e+002
  4.5369000e+002
  4.5927000e+002
  4.7042000e+002
  4.8739000e+002
  5.0071000e+002
  5.1471000e+002
  5.3340000e+002
  5.4475000e+002
  5.6206000e+002
  5.6188000e+002
  5.8441000e+002
  5.8150000e+002
  6.0537000e+002
  6.1593000e+002
  6.3602000e+002
  6.4043000e+002
  6.4550000e+002
  6.5417000e+002
  6.6912000e+002
  6.7063000e+002
  6.3995000e+002
  6.5199000e+002
  6.8731000e+002
  7.0527000e+002
  7.5702000e+002
  7.4074000e+002
  7.8616000e+002
  7.9082000e+002
  7.5712000e+002
  8.0134000e+002
  8.4828000e+002
  8.8514000e+002
  9.5429000e+002
  8.9947000e+002
  9.4728000e+002
  9.1462000e+002
  9.5540000e+002
  9.7043000e+002
  9.8028000e+002
  1.0493400e+003
  1.1017500e+003
  1.1117500e+003
  1.0908200e+003
  1.1338400e+003
  1.1206700e+003
  9.5728000e+002
  1.0170100e+003
  1.0986700e+003
  1.1636300e+003
  1.2292300e+003
  1.2796400e+003
  1.2383300e+003
  1.2863700e+003
  1.3351800e+003
  1.3018400e+003
  1.3727100e+003
  1.3287200e+003
  1.3204100e+003
  1.2827100e+003
  1.3629300e+003
  1.3889100e+003
  1.4692500e+003
  1.3944600e+003
  1.3664200e+003
  1.4985800e+003
  1.4524300e+003
  1.4206000e+003
  1.4546000e+003
  1.4308300e+003
  1.5176800e+003
  1.4365100e+003
  1.4294000e+003
  1.3149500e+003
  1.3202800e+003
  1.3660200e+003
  1.2399500e+003
  1.1603300e+003
  1.2494700e+003
  1.2558300e+003
  1.2244200e+003
  1.2112300e+003
  1.1335900e+003
  1.0409500e+003
  1.0597800e+003
  1.1394600e+003
  1.1480800e+003
  1.1302000e+003
  1.1067300e+003
  1.1473900e+003
  1.0769200e+003
  1.0671400e+003
  9.8981000e+002
  9.1162000e+002
  9.1607000e+002
  8.1528000e+002
  8.8576000e+002
  9.3631000e+002
  8.7982000e+002
  8.5570000e+002
  8.4115000e+002
  8.4818000e+002
  9.1692000e+002
  9.6359000e+002
  9.7450000e+002
  9.9031000e+002
  1.0080100e+003
  9.9597000e+002
  1.0507100e+003
  1.0582000e+003
  1.1119200e+003
  1.1311300e+003
  1.1449400e+003
  1.1262100e+003
  1.1073000e+003
  1.1206800e+003
  1.1408400e+003
  1.1017200e+003
  1.1042400e+003
  1.1145800e+003
  1.1302000e+003
  1.1738200e+003
  1.2119200e+003
  1.1812700e+003
  1.2036000e+003
  1.1805900e+003
  1.1568500e+003
  1.1915000e+003
  1.1913300e+003
  1.2341800e+003
  1.2203300e+003
  1.2288100e+003
  1.2070100e+003
  1.2494800e+003
  1.2482900e+003
  1.2800800e+003
  1.2806600e+003
  1.2948300e+003
  1.3106100e+003
  1.2700900e+003
  1.2702000e+003
  1.2766600e+003
  1.3038200e+003
  1.3358500e+003
  1.3779400e+003
  1.4006300e+003
  1.4183000e+003
  1.4382400e+003
  1.4068200e+003
  1.4208600e+003
  1.4823700e+003
  1.5306200e+003
  1.5033500e+003
  1.4552700e+003
  1.4739900e+003
  1.5267500e+003
  1.5493800e+003
  1.4811400e+003
  1.4683600e+003
  1.3785500e+003
  1.3306300e+003
  1.3227000e+003
  1.3855900e+003
  1.4003800e+003
  1.2800000e+003
  1.2673800e+003
  1.2828300e+003
  1.1663600e+003
  9.6875000e+002
  8.9624000e+002
  9.0325000e+002
  8.2588000e+002
  7.3509000e+002
  7.9787000e+002
  8.7281000e+002
  9.1914000e+002
  9.1932000e+002
  9.8748000e+002
  1.0206200e+003
  1.0570800e+003
  1.0361900e+003
  1.0956300e+003
  1.1151000e+003
  1.0738700e+003
  1.1044900e+003
  1.1694300e+003
  1.1866900e+003
  1.0894100e+003
  1.0307100e+003
  1.1016000e+003
  1.0493300e+003
  1.1412000e+003
  1.1832600e+003
  1.1805500e+003
  1.2576400e+003
  1.2861200e+003
  1.3272200e+003
  1.3258300e+003
  1.3636100e+003
  1.3452000e+003
  1.3206400e+003
  1.2922800e+003
  1.2188900e+003
  1.1314200e+003
  1.2533000e+003
  1.2469600e+003
  1.2576000e+003
  1.3124100e+003
