  8.2300000e-002
  8.2400000e-002
  8.2800000e-002
  8.2600000e-002
  8.1800000e-002
  8.2900000e-002
  8.1500000e-002
  8.1300000e-002
  8.2000000e-002
  8.1100000e-002
  7.8100000e-002
  7.3100000e-002
  6.9100000e-002
  6.2500000e-002
  6.1200000e-002
  5.9100000e-002
  5.7800000e-002
  5.9000000e-002
  5.8200000e-002
  5.6600000e-002
  5.4500000e-002
  5.2100000e-002
  4.8100000e-002
  4.4300000e-002
  4.0300000e-002
  4.0600000e-002
  3.9800000e-002
  3.7300000e-002
  3.8200000e-002
  3.7600000e-002
  3.2500000e-002
  3.3000000e-002
  3.2200000e-002
  3.1000000e-002
  3.0900000e-002
  2.9200000e-002
  3.0200000e-002
  3.0300000e-002
  3.0700000e-002
  2.9600000e-002
  3.0000000e-002
  3.0400000e-002
  3.0600000e-002
  3.0300000e-002
  3.0900000e-002
  2.9900000e-002
  3.0200000e-002
  2.9600000e-002
  3.0500000e-002
  3.2500000e-002
  3.3400000e-002
  3.5600000e-002
  4.0100000e-002
  4.2500000e-002
  4.2600000e-002
  4.4700000e-002
  4.7300000e-002
  4.7600000e-002
  5.2900000e-002
  5.4500000e-002
  5.5300000e-002
  5.9200000e-002
  5.9800000e-002
  6.0500000e-002
  6.0100000e-002
  6.0000000e-002
  5.8500000e-002
  5.7400000e-002
  5.8000000e-002
  5.7600000e-002
  5.8000000e-002
  5.6000000e-002
  5.5600000e-002
  5.2200000e-002
  5.3100000e-002
  5.2200000e-002
  5.2400000e-002
  5.2700000e-002
  5.4000000e-002
  5.2200000e-002
  5.3000000e-002
  5.2400000e-002
  5.3100000e-002
  5.2900000e-002
  5.2500000e-002
  5.1900000e-002
  5.3900000e-002
  5.5100000e-002
  5.5000000e-002
  5.5600000e-002
  5.5200000e-002
  5.5400000e-002
  5.5400000e-002
  5.5000000e-002
  5.5200000e-002
  5.5000000e-002
  5.5600000e-002
  5.5100000e-002
  5.4900000e-002
  5.4500000e-002
  5.4900000e-002
  5.5600000e-002
  5.5400000e-002
  5.5500000e-002
  5.5100000e-002
  5.0700000e-002
  4.8300000e-002
  4.6800000e-002
  4.6300000e-002
  4.7600000e-002
  4.8100000e-002
  4.7400000e-002
  4.7400000e-002
  4.7600000e-002
  4.9900000e-002
  5.0700000e-002
  5.2200000e-002
  5.2000000e-002
  5.4200000e-002
  5.3000000e-002
  5.4500000e-002
  5.7300000e-002
  5.8500000e-002
  6.0200000e-002
  6.2700000e-002
  6.5300000e-002
  6.5400000e-002
  6.5000000e-002
  6.5200000e-002
  6.5100000e-002
  6.5100000e-002
  6.4000000e-002
  5.9800000e-002
  5.4900000e-002
  5.3100000e-002
  4.8000000e-002
  4.2100000e-002
  3.9700000e-002
  3.7700000e-002
  3.6500000e-002
  3.0700000e-002
  2.4900000e-002
  2.0900000e-002
  1.8200000e-002
  1.7300000e-002
  1.7400000e-002
  1.7300000e-002
  1.7500000e-002
  1.7500000e-002
  1.7500000e-002
  1.7300000e-002
  1.7400000e-002
  1.7500000e-002
  1.7500000e-002
  1.3400000e-002
  1.2400000e-002
  1.2400000e-002
  1.2600000e-002
  1.2500000e-002
  1.2600000e-002
  1.2600000e-002
  1.2200000e-002
  1.0100000e-002
  1.0300000e-002
  1.0100000e-002
  1.0100000e-002
  1.0000000e-002
  9.8000000e-003
  1.0000000e-002
  1.0100000e-002
  1.0000000e-002
  1.0000000e-002
  1.0000000e-002
  1.0300000e-002
  1.2600000e-002
  1.4300000e-002
  1.6100000e-002
  1.7600000e-002
  1.9300000e-002
  2.1600000e-002
  2.2800000e-002
  2.5000000e-002
  2.6300000e-002
  2.7900000e-002
  3.0000000e-002
  3.0400000e-002
  3.2600000e-002
  3.5000000e-002
  3.6200000e-002
  3.7800000e-002
  4.0000000e-002
  4.1600000e-002
  4.2900000e-002
  4.4900000e-002
  4.5900000e-002
  4.7900000e-002
  4.9400000e-002
  4.9900000e-002
  5.2400000e-002
  5.2500000e-002
  5.2500000e-002
  5.2500000e-002
  5.2500000e-002
  5.2400000e-002
  5.2500000e-002
  5.2600000e-002
  5.2600000e-002
  5.2500000e-002
  5.2500000e-002
  5.2500000e-002
  5.2600000e-002
  5.0200000e-002
  4.9400000e-002
  4.7600000e-002
  4.4900000e-002
  4.2400000e-002
  3.9400000e-002
  2.9800000e-002
  2.6100000e-002
  2.2800000e-002
  1.9800000e-002
  2.0000000e-002
  2.0100000e-002
  2.0000000e-002
  1.8100000e-002
  9.7000000e-003
  3.9000000e-003
  1.6000000e-003
  1.5000000e-003
  2.2000000e-003
  1.8000000e-003
  1.5000000e-003
  1.8000000e-003
  2.1000000e-003
  1.6000000e-003
  1.6000000e-003
  1.5000000e-003
  1.2000000e-003
  1.2000000e-003
  1.2000000e-003
  1.1000000e-003
  1.3000000e-003
  1.6000000e-003
  2.0000000e-003
  2.0000000e-003
  1.8000000e-003
  1.8000000e-003
  1.9000000e-003
  1.9000000e-003
  1.9000000e-003
  1.9000000e-003
  1.8000000e-003
  1.7000000e-003
  1.6000000e-003
  1.4000000e-003
  1.0000000e-003
  9.0000000e-004
  9.0000000e-004
  7.0000000e-004
  1.0000000e-003
  8.0000000e-004
  7.0000000e-004
  8.0000000e-004
  7.0000000e-004
  8.0000000e-004
