  2.5360000e-001
  2.1990000e-001
  1.9730000e-001
  1.9520000e-001
  1.7370000e-001
  1.5500000e-001
  2.1110000e-001
  2.9900000e-001
  2.9110000e-001
  3.0040000e-001
  2.2160000e-001
  2.6380000e-001
  2.0910000e-001
  2.1230000e-001
  1.6880000e-001
  1.8240000e-001
  1.5930000e-001
  1.9550000e-001
  1.5180000e-001
  1.4460000e-001
  1.5850000e-001
  1.5480000e-001
  2.0260000e-001
  1.9310000e-001
  1.7400000e-001
  1.6680000e-001
  1.6180000e-001
  1.5530000e-001
  1.3860000e-001
  1.3350000e-001
  1.3170000e-001
  1.3580000e-001
  1.4280000e-001
  1.6150000e-001
  1.3010000e-001
  1.2570000e-001
  1.2420000e-001
  1.3160000e-001
  1.2530000e-001
  1.2420000e-001
  1.3470000e-001
  1.1260000e-001
  1.1730000e-001
  1.1850000e-001
  1.2990000e-001
  1.1460000e-001
  1.3760000e-001
  1.1660000e-001
  1.0630000e-001
  1.4870000e-001
  2.0450000e-001
  1.3770000e-001
  1.3030000e-001
  1.4970000e-001
  1.1130000e-001
  1.1970000e-001
  1.4280000e-001
  1.4560000e-001
  1.5950000e-001
  1.3200000e-001
  1.1960000e-001
  1.1750000e-001
  1.3370000e-001
  1.1750000e-001
  1.2850000e-001
  1.1380000e-001
  1.3490000e-001
  1.1520000e-001
  1.2740000e-001
  1.3830000e-001
  1.1580000e-001
  1.2520000e-001
  1.2530000e-001
  1.7040000e-001
  1.8880000e-001
  1.5830000e-001
  1.6070000e-001
  1.3680000e-001
  1.9460000e-001
  1.7010000e-001
  1.6950000e-001
  1.8110000e-001
  1.7140000e-001
  2.0920000e-001
  1.9470000e-001
  2.1100000e-001
  2.2140000e-001
  2.0060000e-001
  1.9190000e-001
  2.1530000e-001
  2.1480000e-001
  2.4760000e-001
  2.2910000e-001
  3.5090000e-001
  2.7430000e-001
  2.4010000e-001
  2.1470000e-001
  1.8550000e-001
  2.4220000e-001
  2.1180000e-001
  2.1320000e-001
  1.9710000e-001
  2.4800000e-001
  4.4280000e-001
  4.0950000e-001
  2.8050000e-001
  2.6010000e-001
  2.4420000e-001
  2.6250000e-001
  2.7880000e-001
  2.3260000e-001
  2.5070000e-001
  2.5390000e-001
  2.1090000e-001
  2.4640000e-001
  2.4450000e-001
  2.5410000e-001
  2.2200000e-001
  2.4180000e-001
  2.4640000e-001
  2.4950000e-001
  2.3370000e-001
  2.4110000e-001
  2.6200000e-001
  2.3650000e-001
  1.9540000e-001
  2.0740000e-001
  1.6840000e-001
  2.0570000e-001
  2.3630000e-001
  2.9650000e-001
  2.6850000e-001
  2.2020000e-001
  2.8350000e-001
  2.8640000e-001
  2.5480000e-001
  2.2640000e-001
  1.9060000e-001
  2.1620000e-001
  2.4920000e-001
  3.1930000e-001
  3.3560000e-001
  2.3840000e-001
  2.3800000e-001
  2.1090000e-001
  2.1590000e-001
  1.7400000e-001
  2.1910000e-001
  1.9980000e-001
  2.5400000e-001
  3.2030000e-001
  3.2640000e-001
  3.9690000e-001
  3.1140000e-001
  2.7500000e-001
  2.8620000e-001
  3.1170000e-001
  2.9630000e-001
  2.9150000e-001
  2.1210000e-001
  1.9470000e-001
  1.9520000e-001
  1.9490000e-001
  1.8630000e-001
  2.2720000e-001
  1.6100000e-001
  1.6320000e-001
  1.8310000e-001
  1.6630000e-001
  1.4550000e-001
  1.6740000e-001
  1.7190000e-001
  1.5500000e-001
  1.4340000e-001
  1.5320000e-001
  1.5290000e-001
  1.3340000e-001
  1.6270000e-001
  1.3240000e-001
  1.3290000e-001
  1.2820000e-001
  1.2080000e-001
  1.4020000e-001
  1.5310000e-001
  1.3290000e-001
  1.2040000e-001
  1.1570000e-001
  1.2600000e-001
  1.1920000e-001
  1.5320000e-001
  1.2060000e-001
  1.2070000e-001
  1.2950000e-001
  1.2340000e-001
  1.1390000e-001
  1.1590000e-001
  1.6440000e-001
  1.3080000e-001
  1.4950000e-001
  1.2310000e-001
  1.1980000e-001
  1.1100000e-001
  1.0910000e-001
  1.1560000e-001
  1.0420000e-001
  1.5420000e-001
  1.4640000e-001
  1.4220000e-001
  1.3050000e-001
  1.6230000e-001
  2.3520000e-001
  2.3380000e-001
  1.8000000e-001
  1.8530000e-001
  2.2870000e-001
  2.2500000e-001
  2.6200000e-001
  2.6540000e-001
  2.5610000e-001
  2.0790000e-001
  1.7830000e-001
  2.3950000e-001
  2.2940000e-001
  2.0650000e-001
  3.9390000e-001
  5.9890000e-001
  5.5280000e-001
  4.0000000e-001
  4.4840000e-001
  4.6350000e-001
  4.4140000e-001
  3.6500000e-001
  2.8920000e-001
  2.6350000e-001
  2.5920000e-001
  2.6010000e-001
  2.5610000e-001
  3.0690000e-001
  2.4510000e-001
  2.1680000e-001
  2.4620000e-001
  1.9500000e-001
  1.7590000e-001
  2.2050000e-001
  3.2070000e-001
  3.4540000e-001
  2.3500000e-001
  2.6050000e-001
  2.3700000e-001
  2.1200000e-001
  2.3540000e-001
  1.7750000e-001
  1.9530000e-001
  1.8350000e-001
  1.7740000e-001
  1.4750000e-001
  1.5450000e-001
  1.6520000e-001
  2.5250000e-001
  3.1620000e-001
  4.2960000e-001
  2.9960000e-001
  2.7800000e-001
  2.3400000e-001
  1.9440000e-001
